==========================================
GEOMETRIA 6
0	0
60	0
60	25
25	25
25	60
0	60
==========================================
ARMADO 12
5.105	5.105	11.40
19.895	5.105	11.40
38.933	5.105	11.40
54.895	5.105	11.40
54.895	19.895	11.40
38.933	19.895	11.40
19.895	19.895	11.40
19.895	38.933	11.40
19.895	54.895	11.40
5.105	54.895	11.40
5.105	38.933	11.40
5.105	19.895	11.40
==========================================
ACCIONES_MECANICAS
Pn   11493.2
Mnx  -1.15875e+06
Mny  1.17736e+06
==========================================
DIVISION_DE_LA_ZONA_A_COMPRESION 2
4
==========================================
